691160
321815
842048
178850
457855
558104
633232
903108
178992
562470
986259
824532
958088
283337
954453
151271
918471
985220
499942
95238
215725
316554
87092
156779
585118
93135
535923
39979
330351
533234
627527
389602
718697
725669
372057
350042
104020
576872
199825
427385
430590
879531
364451
303049
801939
125977
112609
482251
695911
171526
912128
893962
315443
677770
781497
599485
83340
268038
419961
405708
235357
864201
836815
374622
376296
275697
815596
557329
804287
108307
599781
635922
566090
165501
204019
318076
25478
52398
333576
497677
163630
933988
462651
18142
162096
492956
673554
755028
594839
143120
901822
155340
445307
377796
708800
160998
424863
583212
326546
153491
304527
954995
356428
105794
736803
905675
231134
677879
88612
938554
241002
158837
460216
747864
938839
884089
922284
420608
887080
92315
